Polygon 170 170 81 56 471 19 299 107 379 112 133 
Oval 186 192 69 0 0 552 12
Polygon 34 55 248 35 113 38 79 70 19 69 113 
Oval 186 0 91 0 0 784 22
Polygon 244 204 33 335 264 229 268 252 359 4 101 429 95 92 48 349 384 305 350 341 32 
Oval 24 199 150 0 0 173 386
Polygon 85 12 132 430 447 515 264 551 236 279 92 327 185 378 223 558 462 
Oval 193 217 4 0 0 991 313
Polygon 130 157 141 50 393 144 193 166 364 48 784 130 51 85 715 30 609 156 719 65 63 
Oval 127 172 177 0 0 184 400
Polygon 175 140 113 564 15 453 63 55 36 260 69 399 4 355 51 278 229 210 248 367 243 
Oval 148 199 101 0 0 556 307
Polygon 167 251 226 173 550 112 112 163 247 176 157 216 206 488 322 102 166 
Oval 192 194 59 0 0 776 197
Polygon 166 30 10 635 351 642 91 494 137 339 144 32 194 512 126 
Oval 253 212 173 0 0 767 66
Polygon 150 231 227 185 25 218 144 192 122 45 25 
Oval 217 117 221 0 0 951 318
Polygon 191 183 111 119 34 80 51 50 7 125 67 
Oval 148 174 184 0 0 22 354
Polygon 71 201 168 312 223 228 373 320 200 1 105 
Oval 207 199 242 0 0 412 216
Polygon 102 191 122 63 5 41 35 67 279 
Oval 181 165 201 0 0 385 314
Polygon 213 240 71 242 343 327 317 394 89 637 194 575 414 39 112 75 431 681 59 
Oval 225 249 152 0 0 726 9
Polygon 16 52 7 14 133 27 81 28 191 30 149 0 206 
Oval 62 202 79 0 0 343 380
Polygon 199 152 159 271 153 93 525 383 20 215 535 
Oval 75 62 238 0 0 686 268
Polygon 88 70 11 558 258 397 183 136 38 361 166 
Oval 248 99 33 0 0 806 280
Polygon 184 81 86 114 80 39 330 122 400 135 271 122 403 60 410 147 116 
Oval 158 39 61 0 0 19 232
Polygon 43 13 213 239 28 65 85 17 66 324 122 316 154 139 105 
Oval 140 82 247 0 0 625 111
Polygon 206 81 196 400 75 122 521 386 442 43 7 512 329 
Oval 92 199 6 0 0 848 6
Polygon 161 81 147 79 650 153 361 124 328 75 732 
Oval 112 120 2 0 0 173 57
Polygon 8 119 57 262 65 671 305 426 100 
Oval 90 128 203 0 0 586 369
Polygon 238 92 12 5 420 56 125 80 189 8 438 72 128 84 4 82 31 75 230 65 102 
Oval 243 92 164 0 0 765 495
Polygon 54 52 46 75 242 601 133 205 145 181 129 583 142 370 61 889 235 855 229 
Oval 79 203 33 0 0 149 4
Polygon 143 55 84 174 150 502 6 304 200 596 783 48 50 376 689 122 419 61 588 
Oval 58 34 136 0 0 963 326
Polygon 248 8 177 162 648 299 21 365 383 341 389 106 268 9 657 215 531 149 552 
Oval 127 223 160 0 0 667 46
Polygon 35 17 156 404 246 809 110 66 53 114 269 662 58 219 223 304 116 885 121 604 25 
Oval 171 58 204 0 0 43 490
Polygon 94 126 47 4 135 76 44 4 44 
Oval 66 158 144 0 0 88 474
Polygon 246 121 182 91 338 189 165 415 316 
Oval 132 133 106 0 0 156 285
Polygon 225 146 93 9 30 18 19 17 24 102 13 45 10 88 58 102 24 12 47 
Oval 102 123 189 0 0 350 25
Polygon 82 8 243 219 169 121 176 11 188 254 229 125 205 69 85 
Oval 152 201 171 0 0 979 185
Polygon 126 209 14 145 5 138 88 172 117 149 87 
Oval 33 242 124 0 0 19 388
Polygon 137 238 28 451 59 8 25 392 281 
Oval 19 66 244 0 0 889 25
Polygon 27 83 106 2 172 1 162 0 33 2 66 1 117 1 190 0 28 
Oval 229 20 213 0 0 562 112
Polygon 218 33 43 154 951 335 559 49 18 694 897 620 783 391 244 415 287 10 496 
Oval 129 242 7 0 0 932 4
Polygon 40 1 128 298 404 41 166 266 217 58 35 94 315 166 544 176 260 86 488 
Oval 91 4 42 0 0 654 238
Polygon 68 189 87 415 44 138 8 562 29 146 11 292 45 568 10 455 19 
Oval 237 164 6 0 0 137 119
Polygon 11 247 143 357 383 68 236 834 360 669 96 
Oval 234 75 123 0 0 196 331
Polygon 155 1 96 1 17 122 40 23 45 113 11 134 17 98 37 76 9 
Oval 10 55 58 0 0 958 235
Polygon 158 5 120 353 660 244 878 122 884 
Oval 39 72 48 0 0 935 186
Polygon 61 38 173 38 221 15 301 7 139 
Oval 94 117 233 0 0 873 156
Polygon 196 137 73 54 304 77 258 34 178 58 36 66 178 
Oval 13 205 20 0 0 862 117
Polygon 62 165 54 184 345 41 396 335 409 87 307 341 74 66 378 
Oval 189 113 163 0 0 427 141
Polygon 191 187 144 142 34 144 67 107 55 88 32 
Oval 22 174 67 0 0 788 364
Polygon 49 211 211 107 185 259 69 547 243 
Oval 222 54 50 0 0 257 492
Polygon 246 88 81 20 440 22 50 176 468 240 509 40 33 395 154 372 344 411 569 221 478 
Oval 230 98 190 0 0 765 277
Polygon 32 235 34 423 656 511 89 376 258 
Oval 65 214 58 0 0 884 404
Polygon 95 119 152 913 616 822 386 626 86 958 567 321 95 961 379 220 667 
Oval 85 5 65 0 0 256 57
Polygon 33 224 28 135 103 472 17 514 35 
Oval 201 9 243 0 0 305 448
Polygon 181 149 121 345 127 68 15 223 352 259 8 52 550 
Oval 242 28 134 0 0 217 466
Polygon 64 207 109 160 7 219 258 133 122 91 443 376 10 72 252 
Oval 96 146 224 0 0 670 143
Polygon 58 26 202 123 495 96 347 130 45 120 505 96 532 64 136 61 240 38 469 
Oval 13 66 100 0 0 508 37
Polygon 97 69 54 16 183 45 495 97 271 259 478 
Oval 100 11 165 0 0 582 216
Polygon 234 246 118 182 28 318 308 200 47 71 180 321 131 229 338 180 329 
Oval 226 48 234 0 0 275 438
Polygon 252 109 29 103 310 43 321 12 404 268 389 250 230 32 372 
Oval 87 107 186 0 0 800 270
Polygon 166 98 242 136 33 141 45 29 23 129 60 65 44 12 53 26 37 
Oval 103 18 235 0 0 234 286
Polygon 118 76 63 1 251 188 197 47 148 135 91 70 33 124 18 152 143 115 222 173 159 
Oval 94 132 106 0 0 386 215
Polygon 169 157 168 61 403 620 458 176 71 56 344 664 561 343 343 645 416 539 109 300 698 
Oval 1 166 201 0 0 7 303
Polygon 171 182 47 277 190 292 797 187 694 71 208 388 149 
Oval 144 161 13 0 0 582 416
Polygon 221 164 28 306 90 391 322 81 258 212 555 
Oval 114 204 91 0 0 912 360
Polygon 161 117 109 536 293 726 52 567 319 409 220 360 96 462 296 
Oval 154 57 93 0 0 941 164
Polygon 185 203 5 65 183 154 136 134 84 121 110 12 29 145 173 153 6 54 171 34 130 
Oval 13 167 215 0 0 890 61
Polygon 199 131 201 609 162 250 748 513 73 
Oval 19 59 56 0 0 510 197
Polygon 172 10 104 263 82 127 50 205 18 209 35 384 46 182 18 313 17 
Oval 34 188 247 0 0 453 149
Polygon 168 216 249 137 97 248 70 179 60 272 18 34 70 88 38 
Oval 115 234 211 0 0 94 98
Polygon 196 197 16 26 407 10 499 47 281 
Oval 245 110 201 0 0 835 149
Polygon 229 89 69 10 444 75 187 72 314 104 507 64 236 73 341 74 320 56 558 
Oval 84 137 105 0 0 888 57
Polygon 246 120 82 404 482 224 88 171 686 121 492 489 644 341 23 
Oval 167 67 133 0 0 736 275
Polygon 108 149 170 86 185 16 392 57 138 195 373 
Oval 67 245 18 0 0 12 91
Polygon 161 81 110 383 22 390 42 82 6 393 30 69 27 266 28 
Oval 233 183 234 0 0 340 259
Polygon 190 243 247 652 162 574 154 433 79 219 100 402 113 489 145 70 197 54 23 742 45 
Oval 237 199 201 0 0 729 434
Polygon 75 95 60 56 8 154 22 196 112 30 28 
Oval 49 46 114 0 0 504 391
Polygon 162 44 149 272 40 278 380 266 843 39 454 183 673 290 629 200 292 253 421 256 546 
Oval 93 29 152 0 0 391 444
Polygon 172 56 82 484 27 117 329 374 74 102 381 
Oval 154 242 218 0 0 275 170
Polygon 223 239 186 467 284 212 248 706 278 379 302 152 119 509 97 271 211 445 146 724 236 
Oval 155 234 106 0 0 391 16
Polygon 187 251 105 415 622 175 34 746 598 143 286 
Oval 14 9 225 0 0 158 111
Polygon 252 224 105 54 939 32 97 114 567 
Oval 143 87 196 0 0 658 65
Polygon 248 202 213 144 76 73 133 52 64 153 91 111 81 
Oval 88 23 171 0 0 789 348
Polygon 53 97 101 95 169 5 82 106 251 8 281 135 82 21 173 16 113 116 58 
Oval 229 196 228 0 0 479 326
Polygon 111 109 228 329 252 14 325 165 311 104 340 124 105 28 97 
Oval 57 156 6 0 0 916 342
Polygon 5 227 3 588 275 530 495 405 601 395 274 27 141 51 361 556 549 109 364 92 267 
Oval 146 237 244 0 0 687 309
Polygon 168 209 15 45 376 96 255 11 617 100 39 86 461 81 524 49 534 95 490 64 666 
Oval 254 74 1 0 0 859 68
Polygon 158 66 154 218 516 210 77 178 568 487 403 359 490 273 290 455 404 143 94 443 322 
Oval 192 181 91 0 0 495 376
Polygon 170 211 63 42 354 374 629 440 409 359 15 
Oval 216 49 99 0 0 856 255
Polygon 231 131 212 23 68 7 34 48 99 
Oval 216 47 5 0 0 515 31
Polygon 162 247 232 69 62 22 21 154 95 67 58 
Oval 175 24 243 0 0 951 296
Polygon 248 32 66 514 178 601 663 564 417 386 19 146 142 619 760 
Oval 19 167 139 0 0 743 167
Polygon 251 252 142 299 76 295 103 11 308 272 132 103 154 261 282 
Oval 135 208 72 0 0 340 148
Polygon 246 143 97 245 121 140 120 176 166 631 89 
Oval 70 115 239 0 0 555 79
Polygon 211 131 58 103 210 31 385 280 11 216 382 209 84 87 2 82 349 175 52 87 269 
Oval 49 4 177 0 0 326 97
Polygon 3 249 133 85 57 58 46 108 57 48 52 36 52 78 56 108 16 23 49 
Oval 216 93 3 0 0 985 256
Polygon 150 52 113 98 297 33 87 246 407 239 300 402 264 317 290 
Oval 151 116 250 0 0 310 452
Polygon 155 237 63 2 682 1 95 4 276 2 303 2 358 2 530 0 91 
Oval 151 189 241 0 0 829 5
Polygon 62 106 146 385 67 404 113 316 48 79 79 376 46 446 61 423 37 
Oval 247 246 207 0 0 460 302
Polygon 120 176 202 154 10 329 131 269 114 256 53 396 115 293 9 249 118 
Oval 12 92 6 0 0 360 163
Polygon 27 179 124 27 18 76 5 57 9 53 21 58 13 87 16 76 10 70 14 10 8 
Oval 14 94 86 0 0 975 132
Polygon 159 204 153 0 1 36 540 52 467 4 207 35 662 
Oval 244 193 9 0 0 688 223
Polygon 230 241 83 397 641 32 554 392 691 347 13 210 108 
Oval 131 127 69 0 0 110 202
Polygon 70 253 178 495 48 23 69 192 68 378 33 478 42 263 2 379 67 155 37 181 68 
Oval 168 23 17 0 0 45 349
