Polygon 144 52 157 357 95 409 55 484 147 618 48 461 57 134 58 165 155 
Oval 109 13 215 0 0 927 187
Polygon 91 205 233 616 372 603 302 504 467 44 176 
Oval 5 61 112 0 0 760 361
Polygon 5 162 29 14 85 85 50 146 37 164 11 
Oval 204 126 83 0 0 26 463
Polygon 71 240 4 22 197 478 155 560 831 143 708 472 16 
Oval 30 207 209 0 0 966 77
Polygon 21 219 28 250 51 344 38 289 377 224 357 226 134 
Oval 103 81 114 0 0 33 89
Polygon 20 19 123 345 25 245 200 892 8 255 42 355 195 
Oval 164 30 29 0 0 265 112
Polygon 62 19 161 9 467 19 376 31 365 11 62 19 531 
Oval 142 241 78 0 0 218 192
Polygon 241 232 55 273 301 137 341 623 361 410 570 
Oval 146 53 224 0 0 568 158
Polygon 116 214 252 709 47 163 163 718 35 546 7 
Oval 174 119 8 0 0 386 40
Polygon 214 183 4 320 496 156 889 191 977 558 940 592 820 
Oval 234 122 241 0 0 843 449
Polygon 140 71 159 244 261 44 385 236 38 154 364 
Oval 142 78 228 0 0 584 453
Polygon 31 104 134 31 198 140 150 87 68 95 166 63 56 168 65 151 105 163 85 176 220 
Oval 56 124 35 0 0 309 450
Polygon 138 166 77 34 264 49 380 1 276 40 372 29 182 32 303 
Oval 127 81 244 0 0 131 214
Polygon 81 64 244 590 210 655 350 630 694 579 201 
Oval 239 177 201 0 0 174 319
Polygon 219 234 153 130 523 393 481 580 153 172 12 423 227 601 472 822 583 736 441 200 4 
Oval 164 24 220 0 0 451 301
Polygon 26 150 78 536 236 565 274 293 197 488 265 658 299 215 287 453 328 252 338 
Oval 60 95 108 0 0 497 24
Polygon 108 142 27 45 375 27 263 28 336 
Oval 1 102 52 0 0 426 383
Polygon 114 114 122 869 198 816 524 487 171 
Oval 179 85 229 0 0 22 107
Polygon 173 158 162 221 298 131 439 179 116 49 405 282 467 
Oval 153 199 163 0 0 250 140
Polygon 93 8 176 477 5 221 8 222 35 72 12 137 46 25 16 450 62 
Oval 201 72 77 0 0 101 229
Polygon 213 6 253 20 10 10 88 33 114 185 5 126 6 207 37 151 53 
Oval 140 43 219 0 0 991 94
Polygon 72 50 91 34 309 35 744 21 163 26 389 33 551 34 640 
Oval 36 29 106 0 0 28 245
Polygon 209 175 136 461 275 239 174 116 487 255 55 40 276 353 497 151 172 
Oval 8 168 29 0 0 353 274
Polygon 86 147 166 122 151 234 96 186 313 159 792 241 802 151 144 48 323 
Oval 101 234 208 0 0 398 191
Polygon 128 106 28 64 129 119 205 51 16 140 176 
Oval 5 2 154 0 0 348 146
Polygon 234 159 110 967 48 406 54 394 88 465 161 
Oval 45 123 242 0 0 334 174
Polygon 115 145 17 120 336 160 155 300 659 342 129 460 603 314 41 
Oval 43 34 114 0 0 847 377
Polygon 109 93 33 231 48 58 61 166 7 266 0 291 14 
Oval 78 56 239 0 0 681 307
Polygon 187 33 161 445 62 186 267 497 762 353 80 716 672 600 355 
Oval 137 32 81 0 0 254 120
Polygon 28 91 98 86 194 313 527 308 108 74 169 255 52 
Oval 104 50 91 0 0 511 426
Polygon 190 200 38 77 48 11 16 57 1 66 212 
Oval 96 20 146 0 0 744 138
Polygon 152 164 246 129 150 33 163 181 204 173 287 93 317 156 214 177 185 132 309 
Oval 14 140 9 0 0 542 475
Polygon 184 56 185 803 26 231 63 900 45 
Oval 188 85 171 0 0 822 202
Polygon 188 175 200 213 782 238 755 617 748 29 354 
Oval 55 233 11 0 0 312 62
Polygon 31 221 18 54 43 67 103 87 546 17 113 16 41 32 507 8 527 86 12 
Oval 212 26 124 0 0 142 330
Polygon 88 44 2 1 522 28 474 27 405 22 566 38 400 
Oval 56 105 93 0 0 214 305
Polygon 229 178 144 279 120 40 79 59 14 197 0 216 39 139 159 130 183 85 11 283 69 
Oval 156 14 104 0 0 839 60
Polygon 187 192 241 333 1 670 20 620 10 
Oval 162 25 74 0 0 733 225
Polygon 2 151 131 221 173 25 159 337 31 241 104 368 150 19 15 
Oval 231 69 140 0 0 822 56
Polygon 19 56 74 82 137 136 132 47 264 
Oval 171 97 235 0 0 483 69
Polygon 172 135 140 473 2 0 29 275 417 258 150 
Oval 123 63 113 0 0 770 17
Polygon 156 39 52 544 211 224 177 270 505 
Oval 100 254 119 0 0 899 49
Polygon 28 38 127 84 406 516 344 866 255 758 292 858 183 
Oval 198 68 28 0 0 786 412
Polygon 86 169 183 329 4 59 742 55 328 74 121 58 909 
Oval 34 89 20 0 0 668 141
Polygon 109 214 125 387 12 374 97 12 59 481 46 199 211 397 200 131 154 
Oval 40 83 81 0 0 954 273
Polygon 32 214 101 653 28 466 400 352 411 698 24 0 67 66 290 370 502 475 400 208 484 
Oval 58 24 116 0 0 262 186
Polygon 228 145 221 191 21 463 24 400 8 289 7 791 16 185 7 
Oval 21 188 181 0 0 240 327
Polygon 129 200 116 18 1 28 1 44 25 41 131 
Oval 253 27 121 0 0 161 169
Polygon 173 234 80 97 96 240 185 243 566 350 562 110 439 304 648 347 518 
Oval 174 178 121 0 0 496 427
Polygon 134 211 20 369 29 700 214 319 519 204 221 571 364 383 490 750 503 
Oval 86 16 149 0 0 614 189
Polygon 127 164 231 95 243 171 150 73 822 185 171 58 213 69 268 190 479 98 107 
Oval 197 181 6 0 0 513 332
Polygon 63 132 33 186 90 702 116 200 26 402 18 266 8 
Oval 50 141 204 0 0 41 232
Polygon 206 198 114 155 532 470 488 741 560 
Oval 226 62 201 0 0 348 45
Polygon 65 181 5 113 349 168 491 383 363 371 347 95 65 217 383 309 307 25 590 
Oval 29 156 127 0 0 420 10
Polygon 9 155 7 309 183 468 299 139 511 134 568 
Oval 25 253 116 0 0 423 495
Polygon 183 183 13 26 90 0 147 27 125 2 134 30 2 7 153 29 61 30 133 16 17 
Oval 13 174 116 0 0 252 239
Polygon 8 226 140 199 369 569 736 221 425 781 470 353 816 
Oval 55 159 28 0 0 77 33
Polygon 151 82 55 62 39 72 367 33 133 71 264 111 488 72 426 
Oval 45 122 140 0 0 965 356
Polygon 179 215 105 319 261 407 237 447 284 213 242 490 155 29 146 23 259 264 44 
Oval 223 250 223 0 0 583 283
Polygon 20 123 191 428 356 76 306 724 40 515 376 71 61 298 46 811 346 
Oval 174 48 58 0 0 841 308
Polygon 125 62 59 69 126 490 134 442 98 257 81 
Oval 149 251 161 0 0 830 51
Polygon 123 2 10 367 73 1 163 145 485 35 16 216 169 188 351 346 601 283 382 475 450 
Oval 153 174 84 0 0 819 158
Polygon 30 112 43 626 293 217 557 386 270 
Oval 186 3 140 0 0 145 98
Polygon 10 183 26 27 12 56 86 187 249 
Oval 157 201 37 0 0 774 389
Polygon 161 152 234 110 1 355 3 668 6 242 4 257 3 252 4 581 2 548 3 
Oval 216 58 224 0 0 989 229
Polygon 165 72 224 547 7 583 7 662 15 880 4 615 19 276 8 10 7 
Oval 129 238 79 0 0 117 404
Polygon 187 89 40 10 413 20 273 17 132 3 344 2 155 22 232 24 403 23 333 4 235 
Oval 187 5 239 0 0 486 240
Polygon 241 149 190 286 4 696 5 332 250 152 239 306 524 939 611 79 84 778 572 
Oval 40 160 160 0 0 810 362
Polygon 187 182 103 319 136 361 35 227 14 462 339 52 229 
Oval 212 49 72 0 0 17 438
Polygon 204 51 216 201 788 414 811 445 503 157 545 475 266 
Oval 12 149 84 0 0 155 77
Polygon 31 78 39 166 200 202 172 4 170 166 299 
Oval 25 144 20 0 0 344 34
Polygon 149 101 214 74 16 12 21 27 17 123 24 127 20 
Oval 40 63 253 0 0 941 385
Polygon 239 242 210 112 25 110 5 314 42 173 27 80 17 
Oval 51 63 184 0 0 995 347
Polygon 247 127 143 72 26 9 123 67 218 175 110 
Oval 254 55 26 0 0 805 460
Polygon 138 73 73 284 76 282 80 271 100 224 30 198 9 98 35 289 148 225 172 
Oval 116 188 35 0 0 880 394
Polygon 74 169 226 154 30 117 39 162 39 92 25 66 41 76 22 45 46 175 49 93 16 
Oval 210 201 191 0 0 904 217
Polygon 23 90 3 82 127 54 767 329 548 288 21 69 841 262 762 
Oval 13 250 153 0 0 351 42
Polygon 37 249 74 270 48 315 2 209 151 655 189 298 34 
Oval 45 83 130 0 0 244 51
Polygon 32 38 152 37 19 164 23 11 21 573 39 583 14 431 18 351 2 503 16 499 13 
Oval 182 0 37 0 0 197 50
Polygon 209 116 4 2 465 16 400 14 10 
Oval 112 198 207 0 0 258 285
Polygon 81 53 94 137 523 16 553 35 689 16 457 102 642 14 249 21 208 
Oval 14 175 129 0 0 279 433
Polygon 179 208 56 689 763 432 143 742 548 336 812 608 291 
Oval 91 235 2 0 0 499 337
Polygon 79 67 219 238 194 125 345 307 734 65 259 342 346 12 7 285 186 40 227 
Oval 88 145 237 0 0 790 207
Polygon 16 68 14 349 465 347 438 317 270 254 115 205 767 
Oval 214 70 0 0 0 521 228
Polygon 233 181 194 369 54 835 200 127 123 524 107 820 12 
Oval 189 29 193 0 0 353 219
Polygon 209 35 93 45 299 47 509 10 523 2 44 30 560 11 56 1 359 6 128 
Oval 143 32 208 0 0 314 182
Polygon 218 17 66 403 55 249 436 628 258 280 21 
Oval 178 132 47 0 0 441 367
Polygon 172 165 123 122 74 722 269 126 32 9 240 659 56 686 170 
Oval 188 4 240 0 0 883 193
Polygon 94 68 144 209 510 594 661 37 477 539 103 343 644 643 145 
Oval 158 121 5 0 0 828 145
Polygon 92 231 151 36 91 53 139 166 256 126 204 40 175 366 107 169 21 377 288 208 262 
Oval 79 74 149 0 0 822 74
Polygon 213 231 122 450 326 211 642 447 514 176 584 279 367 
Oval 220 21 170 0 0 56 91
Polygon 61 147 250 38 159 114 157 185 45 132 65 452 92 
Oval 0 12 149 0 0 976 97
Polygon 170 97 99 126 47 25 157 162 166 5 0 222 61 172 137 139 50 
Oval 132 205 184 0 0 135 311
Polygon 125 5 146 242 113 418 150 264 164 222 95 193 42 
Oval 44 54 149 0 0 546 488
Polygon 152 148 13 251 5 241 147 353 91 251 96 300 155 265 5 90 91 302 141 346 132 
Oval 110 211 246 0 0 943 416
Polygon 135 43 21 45 467 90 299 96 656 34 151 8 496 75 42 
Oval 95 187 186 0 0 222 146
Polygon 178 90 206 695 247 608 564 507 73 379 169 
Oval 203 222 121 0 0 66 279
Polygon 179 92 58 146 151 255 389 133 397 224 144 127 178 56 236 283 328 91 585 197 587 
Oval 70 191 152 0 0 209 101
